<!DOCTYPE html>
<html lang="en">
<head>
    <meta charset="UTF-8">
    <title>Correlation Between Nutrient Intake and Fitness Metrics</title>
    <script src="https://cdn.plot.ly/plotly-2.26.0.min.js"></script>
</head>
<body>
    <h2 style="text-align:center;">Correlation Between Nutrient Intake and Fitness Metrics</h2>
    <div>                            <div id="11d658a2-7843-4c57-b6c9-b79404cee8d5" class="plotly-graph-div" style="height:100%; width:100%;"></div>            <script type="text/javascript">                                    window.PLOTLYENV=window.PLOTLYENV || {};                                    if (document.getElementById("11d658a2-7843-4c57-b6c9-b79404cee8d5")) {                    Plotly.newPlot(                        "11d658a2-7843-4c57-b6c9-b79404cee8d5",                        [{"colorscale":[[0.0,"rgb(247,251,255)"],[0.125,"rgb(222,235,247)"],[0.25,"rgb(198,219,239)"],[0.375,"rgb(158,202,225)"],[0.5,"rgb(107,174,214)"],[0.625,"rgb(66,146,198)"],[0.75,"rgb(33,113,181)"],[0.875,"rgb(8,81,156)"],[1.0,"rgb(8,48,107)"]],"reversescale":false,"showscale":false,"x":["Carbohydrate","Protein","Fat.Total Lipid","calories_burned","sleep_hours","active_minutes","Major Minerals.Calcium","Major Minerals.Iron","Vitamins.Vitamin C"],"y":["Carbohydrate","Protein","Fat.Total Lipid","calories_burned","sleep_hours","active_minutes","Major Minerals.Calcium","Major Minerals.Iron","Vitamins.Vitamin C"],"z":[[1.0,-0.3012483641608016,-0.08471957492309204,-0.005385907497315784,0.004507429066297493,0.02384029591963088,0.18514196089860488,0.2738926285714408,0.0680217239123711],[-0.3012483641608016,1.0,0.02938509071889118,-0.011314160160143237,0.02484450243343161,0.0017760197312699363,0.05141668403393341,0.13370478451429774,-0.05759615273958937],[-0.08471957492309204,0.02938509071889118,1.0,-0.007147409693921506,-0.008935533904905708,-0.013286516280923161,0.0047571985956840115,-0.0264436855148885,-0.06635686120486428],[-0.005385907497315784,-0.011314160160143237,-0.007147409693921506,1.0,0.010732835048198181,-0.007661635198514806,0.010107102868443608,-0.010461907032524592,0.0236811691398567],[0.004507429066297493,0.02484450243343161,-0.008935533904905708,0.010732835048198181,1.0,0.01430062974004492,-0.02964828692532057,0.021047306918345547,-0.005533944869071489],[0.02384029591963088,0.0017760197312699363,-0.013286516280923161,-0.007661635198514806,0.01430062974004492,1.0,0.0002699044223089207,-0.009233725779290974,0.022338081085020722],[0.18514196089860488,0.05141668403393341,0.0047571985956840115,0.010107102868443608,-0.02964828692532057,0.0002699044223089207,1.0,0.3869202430109932,0.052043399949131174],[0.2738926285714408,0.13370478451429774,-0.0264436855148885,-0.010461907032524592,0.021047306918345547,-0.009233725779290974,0.3869202430109932,1.0,0.0969183989912591],[0.0680217239123711,-0.05759615273958937,-0.06635686120486428,0.0236811691398567,-0.005533944869071489,0.022338081085020722,0.052043399949131174,0.0969183989912591,1.0]],"type":"heatmap"}],                        {"annotations":[{"font":{"color":"#FFFFFF"},"showarrow":false,"text":"1.0","x":"Carbohydrate","xref":"x","y":"Carbohydrate","yref":"y"},{"font":{"color":"#000000"},"showarrow":false,"text":"-0.3","x":"Protein","xref":"x","y":"Carbohydrate","yref":"y"},{"font":{"color":"#000000"},"showarrow":false,"text":"-0.08","x":"Fat.Total Lipid","xref":"x","y":"Carbohydrate","yref":"y"},{"font":{"color":"#000000"},"showarrow":false,"text":"-0.01","x":"calories_burned","xref":"x","y":"Carbohydrate","yref":"y"},{"font":{"color":"#000000"},"showarrow":false,"text":"0.0","x":"sleep_hours","xref":"x","y":"Carbohydrate","yref":"y"},{"font":{"color":"#000000"},"showarrow":false,"text":"0.02","x":"active_minutes","xref":"x","y":"Carbohydrate","yref":"y"},{"font":{"color":"#000000"},"showarrow":false,"text":"0.19","x":"Major Minerals.Calcium","xref":"x","y":"Carbohydrate","yref":"y"},{"font":{"color":"#000000"},"showarrow":false,"text":"0.27","x":"Major Minerals.Iron","xref":"x","y":"Carbohydrate","yref":"y"},{"font":{"color":"#000000"},"showarrow":false,"text":"0.07","x":"Vitamins.Vitamin C","xref":"x","y":"Carbohydrate","yref":"y"},{"font":{"color":"#000000"},"showarrow":false,"text":"-0.3","x":"Carbohydrate","xref":"x","y":"Protein","yref":"y"},{"font":{"color":"#FFFFFF"},"showarrow":false,"text":"1.0","x":"Protein","xref":"x","y":"Protein","yref":"y"},{"font":{"color":"#000000"},"showarrow":false,"text":"0.03","x":"Fat.Total Lipid","xref":"x","y":"Protein","yref":"y"},{"font":{"color":"#000000"},"showarrow":false,"text":"-0.01","x":"calories_burned","xref":"x","y":"Protein","yref":"y"},{"font":{"color":"#000000"},"showarrow":false,"text":"0.02","x":"sleep_hours","xref":"x","y":"Protein","yref":"y"},{"font":{"color":"#000000"},"showarrow":false,"text":"0.0","x":"active_minutes","xref":"x","y":"Protein","yref":"y"},{"font":{"color":"#000000"},"showarrow":false,"text":"0.05","x":"Major Minerals.Calcium","xref":"x","y":"Protein","yref":"y"},{"font":{"color":"#000000"},"showarrow":false,"text":"0.13","x":"Major Minerals.Iron","xref":"x","y":"Protein","yref":"y"},{"font":{"color":"#000000"},"showarrow":false,"text":"-0.06","x":"Vitamins.Vitamin C","xref":"x","y":"Protein","yref":"y"},{"font":{"color":"#000000"},"showarrow":false,"text":"-0.08","x":"Carbohydrate","xref":"x","y":"Fat.Total Lipid","yref":"y"},{"font":{"color":"#000000"},"showarrow":false,"text":"0.03","x":"Protein","xref":"x","y":"Fat.Total Lipid","yref":"y"},{"font":{"color":"#FFFFFF"},"showarrow":false,"text":"1.0","x":"Fat.Total Lipid","xref":"x","y":"Fat.Total Lipid","yref":"y"},{"font":{"color":"#000000"},"showarrow":false,"text":"-0.01","x":"calories_burned","xref":"x","y":"Fat.Total Lipid","yref":"y"},{"font":{"color":"#000000"},"showarrow":false,"text":"-0.01","x":"sleep_hours","xref":"x","y":"Fat.Total Lipid","yref":"y"},{"font":{"color":"#000000"},"showarrow":false,"text":"-0.01","x":"active_minutes","xref":"x","y":"Fat.Total Lipid","yref":"y"},{"font":{"color":"#000000"},"showarrow":false,"text":"0.0","x":"Major Minerals.Calcium","xref":"x","y":"Fat.Total Lipid","yref":"y"},{"font":{"color":"#000000"},"showarrow":false,"text":"-0.03","x":"Major Minerals.Iron","xref":"x","y":"Fat.Total Lipid","yref":"y"},{"font":{"color":"#000000"},"showarrow":false,"text":"-0.07","x":"Vitamins.Vitamin C","xref":"x","y":"Fat.Total Lipid","yref":"y"},{"font":{"color":"#000000"},"showarrow":false,"text":"-0.01","x":"Carbohydrate","xref":"x","y":"calories_burned","yref":"y"},{"font":{"color":"#000000"},"showarrow":false,"text":"-0.01","x":"Protein","xref":"x","y":"calories_burned","yref":"y"},{"font":{"color":"#000000"},"showarrow":false,"text":"-0.01","x":"Fat.Total Lipid","xref":"x","y":"calories_burned","yref":"y"},{"font":{"color":"#FFFFFF"},"showarrow":false,"text":"1.0","x":"calories_burned","xref":"x","y":"calories_burned","yref":"y"},{"font":{"color":"#000000"},"showarrow":false,"text":"0.01","x":"sleep_hours","xref":"x","y":"calories_burned","yref":"y"},{"font":{"color":"#000000"},"showarrow":false,"text":"-0.01","x":"active_minutes","xref":"x","y":"calories_burned","yref":"y"},{"font":{"color":"#000000"},"showarrow":false,"text":"0.01","x":"Major Minerals.Calcium","xref":"x","y":"calories_burned","yref":"y"},{"font":{"color":"#000000"},"showarrow":false,"text":"-0.01","x":"Major Minerals.Iron","xref":"x","y":"calories_burned","yref":"y"},{"font":{"color":"#000000"},"showarrow":false,"text":"0.02","x":"Vitamins.Vitamin C","xref":"x","y":"calories_burned","yref":"y"},{"font":{"color":"#000000"},"showarrow":false,"text":"0.0","x":"Carbohydrate","xref":"x","y":"sleep_hours","yref":"y"},{"font":{"color":"#000000"},"showarrow":false,"text":"0.02","x":"Protein","xref":"x","y":"sleep_hours","yref":"y"},{"font":{"color":"#000000"},"showarrow":false,"text":"-0.01","x":"Fat.Total Lipid","xref":"x","y":"sleep_hours","yref":"y"},{"font":{"color":"#000000"},"showarrow":false,"text":"0.01","x":"calories_burned","xref":"x","y":"sleep_hours","yref":"y"},{"font":{"color":"#FFFFFF"},"showarrow":false,"text":"1.0","x":"sleep_hours","xref":"x","y":"sleep_hours","yref":"y"},{"font":{"color":"#000000"},"showarrow":false,"text":"0.01","x":"active_minutes","xref":"x","y":"sleep_hours","yref":"y"},{"font":{"color":"#000000"},"showarrow":false,"text":"-0.03","x":"Major Minerals.Calcium","xref":"x","y":"sleep_hours","yref":"y"},{"font":{"color":"#000000"},"showarrow":false,"text":"0.02","x":"Major Minerals.Iron","xref":"x","y":"sleep_hours","yref":"y"},{"font":{"color":"#000000"},"showarrow":false,"text":"-0.01","x":"Vitamins.Vitamin C","xref":"x","y":"sleep_hours","yref":"y"},{"font":{"color":"#000000"},"showarrow":false,"text":"0.02","x":"Carbohydrate","xref":"x","y":"active_minutes","yref":"y"},{"font":{"color":"#000000"},"showarrow":false,"text":"0.0","x":"Protein","xref":"x","y":"active_minutes","yref":"y"},{"font":{"color":"#000000"},"showarrow":false,"text":"-0.01","x":"Fat.Total Lipid","xref":"x","y":"active_minutes","yref":"y"},{"font":{"color":"#000000"},"showarrow":false,"text":"-0.01","x":"calories_burned","xref":"x","y":"active_minutes","yref":"y"},{"font":{"color":"#000000"},"showarrow":false,"text":"0.01","x":"sleep_hours","xref":"x","y":"active_minutes","yref":"y"},{"font":{"color":"#FFFFFF"},"showarrow":false,"text":"1.0","x":"active_minutes","xref":"x","y":"active_minutes","yref":"y"},{"font":{"color":"#000000"},"showarrow":false,"text":"0.0","x":"Major Minerals.Calcium","xref":"x","y":"active_minutes","yref":"y"},{"font":{"color":"#000000"},"showarrow":false,"text":"-0.01","x":"Major Minerals.Iron","xref":"x","y":"active_minutes","yref":"y"},{"font":{"color":"#000000"},"showarrow":false,"text":"0.02","x":"Vitamins.Vitamin C","xref":"x","y":"active_minutes","yref":"y"},{"font":{"color":"#000000"},"showarrow":false,"text":"0.19","x":"Carbohydrate","xref":"x","y":"Major Minerals.Calcium","yref":"y"},{"font":{"color":"#000000"},"showarrow":false,"text":"0.05","x":"Protein","xref":"x","y":"Major Minerals.Calcium","yref":"y"},{"font":{"color":"#000000"},"showarrow":false,"text":"0.0","x":"Fat.Total Lipid","xref":"x","y":"Major Minerals.Calcium","yref":"y"},{"font":{"color":"#000000"},"showarrow":false,"text":"0.01","x":"calories_burned","xref":"x","y":"Major Minerals.Calcium","yref":"y"},{"font":{"color":"#000000"},"showarrow":false,"text":"-0.03","x":"sleep_hours","xref":"x","y":"Major Minerals.Calcium","yref":"y"},{"font":{"color":"#000000"},"showarrow":false,"text":"0.0","x":"active_minutes","xref":"x","y":"Major Minerals.Calcium","yref":"y"},{"font":{"color":"#FFFFFF"},"showarrow":false,"text":"1.0","x":"Major Minerals.Calcium","xref":"x","y":"Major Minerals.Calcium","yref":"y"},{"font":{"color":"#FFFFFF"},"showarrow":false,"text":"0.39","x":"Major Minerals.Iron","xref":"x","y":"Major Minerals.Calcium","yref":"y"},{"font":{"color":"#000000"},"showarrow":false,"text":"0.05","x":"Vitamins.Vitamin C","xref":"x","y":"Major Minerals.Calcium","yref":"y"},{"font":{"color":"#000000"},"showarrow":false,"text":"0.27","x":"Carbohydrate","xref":"x","y":"Major Minerals.Iron","yref":"y"},{"font":{"color":"#000000"},"showarrow":false,"text":"0.13","x":"Protein","xref":"x","y":"Major Minerals.Iron","yref":"y"},{"font":{"color":"#000000"},"showarrow":false,"text":"-0.03","x":"Fat.Total Lipid","xref":"x","y":"Major Minerals.Iron","yref":"y"},{"font":{"color":"#000000"},"showarrow":false,"text":"-0.01","x":"calories_burned","xref":"x","y":"Major Minerals.Iron","yref":"y"},{"font":{"color":"#000000"},"showarrow":false,"text":"0.02","x":"sleep_hours","xref":"x","y":"Major Minerals.Iron","yref":"y"},{"font":{"color":"#000000"},"showarrow":false,"text":"-0.01","x":"active_minutes","xref":"x","y":"Major Minerals.Iron","yref":"y"},{"font":{"color":"#FFFFFF"},"showarrow":false,"text":"0.39","x":"Major Minerals.Calcium","xref":"x","y":"Major Minerals.Iron","yref":"y"},{"font":{"color":"#FFFFFF"},"showarrow":false,"text":"1.0","x":"Major Minerals.Iron","xref":"x","y":"Major Minerals.Iron","yref":"y"},{"font":{"color":"#000000"},"showarrow":false,"text":"0.1","x":"Vitamins.Vitamin C","xref":"x","y":"Major Minerals.Iron","yref":"y"},{"font":{"color":"#000000"},"showarrow":false,"text":"0.07","x":"Carbohydrate","xref":"x","y":"Vitamins.Vitamin C","yref":"y"},{"font":{"color":"#000000"},"showarrow":false,"text":"-0.06","x":"Protein","xref":"x","y":"Vitamins.Vitamin C","yref":"y"},{"font":{"color":"#000000"},"showarrow":false,"text":"-0.07","x":"Fat.Total Lipid","xref":"x","y":"Vitamins.Vitamin C","yref":"y"},{"font":{"color":"#000000"},"showarrow":false,"text":"0.02","x":"calories_burned","xref":"x","y":"Vitamins.Vitamin C","yref":"y"},{"font":{"color":"#000000"},"showarrow":false,"text":"-0.01","x":"sleep_hours","xref":"x","y":"Vitamins.Vitamin C","yref":"y"},{"font":{"color":"#000000"},"showarrow":false,"text":"0.02","x":"active_minutes","xref":"x","y":"Vitamins.Vitamin C","yref":"y"},{"font":{"color":"#000000"},"showarrow":false,"text":"0.05","x":"Major Minerals.Calcium","xref":"x","y":"Vitamins.Vitamin C","yref":"y"},{"font":{"color":"#000000"},"showarrow":false,"text":"0.1","x":"Major Minerals.Iron","xref":"x","y":"Vitamins.Vitamin C","yref":"y"},{"font":{"color":"#FFFFFF"},"showarrow":false,"text":"1.0","x":"Vitamins.Vitamin C","xref":"x","y":"Vitamins.Vitamin C","yref":"y"}],"xaxis":{"dtick":1,"gridcolor":"rgb(0, 0, 0)","side":"top","ticks":""},"yaxis":{"dtick":1,"ticks":"","ticksuffix":"  "},"template":{"data":{"histogram2dcontour":[{"type":"histogram2dcontour","colorbar":{"outlinewidth":0,"ticks":""},"colorscale":[[0.0,"#0d0887"],[0.1111111111111111,"#46039f"],[0.2222222222222222,"#7201a8"],[0.3333333333333333,"#9c179e"],[0.4444444444444444,"#bd3786"],[0.5555555555555556,"#d8576b"],[0.6666666666666666,"#ed7953"],[0.7777777777777778,"#fb9f3a"],[0.8888888888888888,"#fdca26"],[1.0,"#f0f921"]]}],"choropleth":[{"type":"choropleth","colorbar":{"outlinewidth":0,"ticks":""}}],"histogram2d":[{"type":"histogram2d","colorbar":{"outlinewidth":0,"ticks":""},"colorscale":[[0.0,"#0d0887"],[0.1111111111111111,"#46039f"],[0.2222222222222222,"#7201a8"],[0.3333333333333333,"#9c179e"],[0.4444444444444444,"#bd3786"],[0.5555555555555556,"#d8576b"],[0.6666666666666666,"#ed7953"],[0.7777777777777778,"#fb9f3a"],[0.8888888888888888,"#fdca26"],[1.0,"#f0f921"]]}],"heatmap":[{"type":"heatmap","colorbar":{"outlinewidth":0,"ticks":""},"colorscale":[[0.0,"#0d0887"],[0.1111111111111111,"#46039f"],[0.2222222222222222,"#7201a8"],[0.3333333333333333,"#9c179e"],[0.4444444444444444,"#bd3786"],[0.5555555555555556,"#d8576b"],[0.6666666666666666,"#ed7953"],[0.7777777777777778,"#fb9f3a"],[0.8888888888888888,"#fdca26"],[1.0,"#f0f921"]]}],"heatmapgl":[{"type":"heatmapgl","colorbar":{"outlinewidth":0,"ticks":""},"colorscale":[[0.0,"#0d0887"],[0.1111111111111111,"#46039f"],[0.2222222222222222,"#7201a8"],[0.3333333333333333,"#9c179e"],[0.4444444444444444,"#bd3786"],[0.5555555555555556,"#d8576b"],[0.6666666666666666,"#ed7953"],[0.7777777777777778,"#fb9f3a"],[0.8888888888888888,"#fdca26"],[1.0,"#f0f921"]]}],"contourcarpet":[{"type":"contourcarpet","colorbar":{"outlinewidth":0,"ticks":""}}],"contour":[{"type":"contour","colorbar":{"outlinewidth":0,"ticks":""},"colorscale":[[0.0,"#0d0887"],[0.1111111111111111,"#46039f"],[0.2222222222222222,"#7201a8"],[0.3333333333333333,"#9c179e"],[0.4444444444444444,"#bd3786"],[0.5555555555555556,"#d8576b"],[0.6666666666666666,"#ed7953"],[0.7777777777777778,"#fb9f3a"],[0.8888888888888888,"#fdca26"],[1.0,"#f0f921"]]}],"surface":[{"type":"surface","colorbar":{"outlinewidth":0,"ticks":""},"colorscale":[[0.0,"#0d0887"],[0.1111111111111111,"#46039f"],[0.2222222222222222,"#7201a8"],[0.3333333333333333,"#9c179e"],[0.4444444444444444,"#bd3786"],[0.5555555555555556,"#d8576b"],[0.6666666666666666,"#ed7953"],[0.7777777777777778,"#fb9f3a"],[0.8888888888888888,"#fdca26"],[1.0,"#f0f921"]]}],"mesh3d":[{"type":"mesh3d","colorbar":{"outlinewidth":0,"ticks":""}}],"scatter":[{"fillpattern":{"fillmode":"overlay","size":10,"solidity":0.2},"type":"scatter"}],"parcoords":[{"type":"parcoords","line":{"colorbar":{"outlinewidth":0,"ticks":""}}}],"scatterpolargl":[{"type":"scatterpolargl","marker":{"colorbar":{"outlinewidth":0,"ticks":""}}}],"bar":[{"error_x":{"color":"#2a3f5f"},"error_y":{"color":"#2a3f5f"},"marker":{"line":{"color":"#E5ECF6","width":0.5},"pattern":{"fillmode":"overlay","size":10,"solidity":0.2}},"type":"bar"}],"scattergeo":[{"type":"scattergeo","marker":{"colorbar":{"outlinewidth":0,"ticks":""}}}],"scatterpolar":[{"type":"scatterpolar","marker":{"colorbar":{"outlinewidth":0,"ticks":""}}}],"histogram":[{"marker":{"pattern":{"fillmode":"overlay","size":10,"solidity":0.2}},"type":"histogram"}],"scattergl":[{"type":"scattergl","marker":{"colorbar":{"outlinewidth":0,"ticks":""}}}],"scatter3d":[{"type":"scatter3d","line":{"colorbar":{"outlinewidth":0,"ticks":""}},"marker":{"colorbar":{"outlinewidth":0,"ticks":""}}}],"scattermapbox":[{"type":"scattermapbox","marker":{"colorbar":{"outlinewidth":0,"ticks":""}}}],"scatterternary":[{"type":"scatterternary","marker":{"colorbar":{"outlinewidth":0,"ticks":""}}}],"scattercarpet":[{"type":"scattercarpet","marker":{"colorbar":{"outlinewidth":0,"ticks":""}}}],"carpet":[{"aaxis":{"endlinecolor":"#2a3f5f","gridcolor":"white","linecolor":"white","minorgridcolor":"white","startlinecolor":"#2a3f5f"},"baxis":{"endlinecolor":"#2a3f5f","gridcolor":"white","linecolor":"white","minorgridcolor":"white","startlinecolor":"#2a3f5f"},"type":"carpet"}],"table":[{"cells":{"fill":{"color":"#EBF0F8"},"line":{"color":"white"}},"header":{"fill":{"color":"#C8D4E3"},"line":{"color":"white"}},"type":"table"}],"barpolar":[{"marker":{"line":{"color":"#E5ECF6","width":0.5},"pattern":{"fillmode":"overlay","size":10,"solidity":0.2}},"type":"barpolar"}],"pie":[{"automargin":true,"type":"pie"}]},"layout":{"autotypenumbers":"strict","colorway":["#636efa","#EF553B","#00cc96","#ab63fa","#FFA15A","#19d3f3","#FF6692","#B6E880","#FF97FF","#FECB52"],"font":{"color":"#2a3f5f"},"hovermode":"closest","hoverlabel":{"align":"left"},"paper_bgcolor":"white","plot_bgcolor":"#E5ECF6","polar":{"bgcolor":"#E5ECF6","angularaxis":{"gridcolor":"white","linecolor":"white","ticks":""},"radialaxis":{"gridcolor":"white","linecolor":"white","ticks":""}},"ternary":{"bgcolor":"#E5ECF6","aaxis":{"gridcolor":"white","linecolor":"white","ticks":""},"baxis":{"gridcolor":"white","linecolor":"white","ticks":""},"caxis":{"gridcolor":"white","linecolor":"white","ticks":""}},"coloraxis":{"colorbar":{"outlinewidth":0,"ticks":""}},"colorscale":{"sequential":[[0.0,"#0d0887"],[0.1111111111111111,"#46039f"],[0.2222222222222222,"#7201a8"],[0.3333333333333333,"#9c179e"],[0.4444444444444444,"#bd3786"],[0.5555555555555556,"#d8576b"],[0.6666666666666666,"#ed7953"],[0.7777777777777778,"#fb9f3a"],[0.8888888888888888,"#fdca26"],[1.0,"#f0f921"]],"sequentialminus":[[0.0,"#0d0887"],[0.1111111111111111,"#46039f"],[0.2222222222222222,"#7201a8"],[0.3333333333333333,"#9c179e"],[0.4444444444444444,"#bd3786"],[0.5555555555555556,"#d8576b"],[0.6666666666666666,"#ed7953"],[0.7777777777777778,"#fb9f3a"],[0.8888888888888888,"#fdca26"],[1.0,"#f0f921"]],"diverging":[[0,"#8e0152"],[0.1,"#c51b7d"],[0.2,"#de77ae"],[0.3,"#f1b6da"],[0.4,"#fde0ef"],[0.5,"#f7f7f7"],[0.6,"#e6f5d0"],[0.7,"#b8e186"],[0.8,"#7fbc41"],[0.9,"#4d9221"],[1,"#276419"]]},"xaxis":{"gridcolor":"white","linecolor":"white","ticks":"","title":{"standoff":15},"zerolinecolor":"white","automargin":true,"zerolinewidth":2},"yaxis":{"gridcolor":"white","linecolor":"white","ticks":"","title":{"standoff":15},"zerolinecolor":"white","automargin":true,"zerolinewidth":2},"scene":{"xaxis":{"backgroundcolor":"#E5ECF6","gridcolor":"white","linecolor":"white","showbackground":true,"ticks":"","zerolinecolor":"white","gridwidth":2},"yaxis":{"backgroundcolor":"#E5ECF6","gridcolor":"white","linecolor":"white","showbackground":true,"ticks":"","zerolinecolor":"white","gridwidth":2},"zaxis":{"backgroundcolor":"#E5ECF6","gridcolor":"white","linecolor":"white","showbackground":true,"ticks":"","zerolinecolor":"white","gridwidth":2}},"shapedefaults":{"line":{"color":"#2a3f5f"}},"annotationdefaults":{"arrowcolor":"#2a3f5f","arrowhead":0,"arrowwidth":1},"geo":{"bgcolor":"white","landcolor":"#E5ECF6","subunitcolor":"white","showland":true,"showlakes":true,"lakecolor":"white"},"title":{"x":0.05},"mapbox":{"style":"light"}}},"title":{"text":"Correlation Between Nutrient Intake and Fitness Metrics"}},                        {"responsive": true}                    )                };                            </script>        </div>
    </body>
    </html>